19 477 1 
21 460 1 
23 439 1 
27 494 1 
29 425 1 
31 467 1 
39 443 1 
42 500 1 
44 419 1 
48 477 1 
51 448 1 
58 491 1 
59 306 1 
61 409 1 
63 426 1 
64 287 1 
64 318 1 
69 276 1 
70 438 1 
70 465 1 
73 483 1 
75 395 1 
78 264 1 
80 329 1 
83 471 1 
87 296 1 
87 314 1 
88 286 1 
88 382 1 
90 276 1 
94 261 1 
95 411 1 
95 429 1 
95 455 1 
100 329 1 
102 375 1 
103 281 1 
107 391 1 
107 423 1 
108 447 1 
110 260 1 
110 298 1 
110 311 1 
114 362 1 
115 327 1 
121 386 1 
121 445 1 
122 472 1 
123 411 1 
123 498 1 
124 285 1 
127 357 1 
127 426 1 
128 325 1 
128 456 1 
129 301 1 
131 412 1 
133 267 1 
134 288 1 
137 517 1 
138 51 1 
138 479 1 
139 400 1 
140 455 1 
141 329 1 
141 380 1 
142 357 1 
144 271 1 
145 32 1 
145 495 1 
146 436 1 
147 297 1 
148 344 1 
148 535 1 
153 253 1 
153 509 1 
154 312 1 
156 58 1 
156 380 1 
157 235 1 
158 42 1 
158 428 1 
159 466 1 
160 407 1 
160 521 1 
161 29 1 
161 207 1 
161 286 1 
161 367 1 
162 547 1 
164 443 1 
165 195 1 
166 389 1 
167 490 1 
171 182 1 
171 337 1 
171 464 1 
171 534 1 
172 229 1 
172 448 1 
173 30 1 
174 66 1 
174 248 1 
175 512 1 
176 46 1 
176 358 1 
178 271 1 
179 205 1 
179 430 1 
179 564 1 
180 299 1 
180 414 1 
181 544 1 
182 374 1 
183 86 1 
183 103 1 
183 391 1 
184 324 1 
185 160 1 
186 194 1 
186 530 1 
187 69 1 
187 463 1 
188 483 1 
189 31 1 
189 50 1 
190 128 1 
191 552 1 
192 356 1 
193 229 1 
194 336 1 
194 439 1 
194 506 1 
196 215 1 
197 303 1 
198 452 1 
199 408 1 
200 184 1 
201 287 1 
201 574 1 
202 36 1 
203 369 1 
204 271 1 
204 420 1 
204 475 1 
205 97 1 
205 146 1 
205 529 1 
205 544 1 
206 240 1 
206 251 1 
206 315 1 
206 511 1 
207 169 1 
207 202 1 
207 392 1 
209 51 1 
209 67 1 
210 339 1 
211 580 1 
212 118 1 
212 561 1 
213 77 1 
213 221 1 
213 528 1 
215 38 1 
215 445 1 
216 410 1 
218 99 1 
218 264 1 
219 357 1 
219 497 1 
219 542 1 
222 221 1 
222 272 1 
222 429 1 
222 582 1 
223 193 1 
223 300 1 
223 465 1 
224 143 1 
224 374 1 
226 321 1 
226 568 1 
227 86 1 
227 167 1 
227 389 1 
228 516 1 
229 42 1 
229 419 1 
230 206 1 
231 112 1 
231 128 1 
231 433 1 
233 401 1 
235 178 1 
235 235 1 
235 288 1 
236 149 1 
236 256 1 
236 453 1 
236 483 1 
236 550 1 
237 370 1 
237 531 1 
238 314 1 
238 414 1 
240 59 1 
240 434 1 
240 587 1 
241 350 1 
241 503 1 
243 334 1 
243 570 1 
245 89 1 
246 101 1 
247 381 1 
248 137 1 
248 218 1 
248 467 1 
249 147 1 
251 268 1 
251 413 1 
252 530 1 
253 193 1 
253 489 1 
253 551 1 
254 113 1 
254 396 1 
256 176 1 
256 245 1 
256 320 1 
256 428 1 
256 442 1 
257 158 1 
257 354 1 
259 512 1 
261 218 1 
261 302 1 
261 578 1 
263 364 1 
264 278 1 
265 333 1 
265 561 1 
266 528 1 
267 201 1 
267 483 1 
269 463 1 
271 133 1 
272 153 1 
272 342 1 
272 389 1 
273 105 1 
273 552 1 
274 309 1 
274 401 1 
274 484 1 
275 172 1 
275 229 1 
275 501 1 
277 423 1 
278 326 1 
278 357 1 
278 441 1 
280 246 1 
280 261 1 
280 570 1 
282 516 1 
283 128 1 
283 212 1 
283 273 1 
285 371 1 
287 533 1 
287 548 1 
288 449 1 
288 462 1 
289 192 1 
291 154 1 
291 340 1 
292 286 1 
292 508 1 
293 221 1 
293 240 1 
293 388 1 
293 396 1 
294 232 1 
295 412 1 
295 482 1 
296 299 1 
296 356 1 
296 370 1 
297 437 1 
298 98 1 
298 172 1 
298 313 1 
299 139 1 
300 329 1 
300 423 1 
300 562 1 
301 517 1 
302 120 1 
302 463 1 
303 247 1 
303 449 1 
306 529 1 
307 397 1 
308 346 1 
308 548 1 
309 158 1 
309 229 1 
311 253 1 
311 368 1 
312 92 1 
312 242 1 
315 478 1 
316 506 1 
318 232 1 
320 259 1 
320 386 1 
320 414 1 
320 539 1 
321 131 1 
321 443 1 
322 107 1 
322 250 1 
322 463 1 
325 240 1 
325 269 1 
327 164 1 
327 432 1 
328 91 1 
330 492 1 
331 144 1 
331 279 1 
331 406 1 
332 522 1 
333 251 1 
334 108 1 
334 292 1 
334 458 1 
335 125 1 
335 417 1 
338 175 1 
338 509 1 
339 259 1 
339 477 1 
340 281 1 
341 429 1 
344 137 1 
345 269 1 
345 301 1 
346 94 1 
347 292 1 
347 500 1 
350 152 1 
350 164 1 
350 183 1 
350 281 1 
351 108 1 
353 308 1 
355 451 1 
358 117 1 
358 184 1 
359 293 1 
360 134 1 
362 174 1 
362 314 1 
362 477 1 
366 183 1 
369 249 1 
369 302 1 
370 241 1 
371 158 1 
371 264 1 
371 291 1 
372 311 1 
374 180 1 
375 134 1 
375 278 1 
378 238 1 
381 124 1 
381 176 1 
381 252 1 
382 307 1 
385 151 1 
385 267 1 
388 238 1 
390 112 1 
390 129 1 
390 280 1 
390 293 1 
396 163 1 
396 247 1 
397 140 1 
397 263 1 
402 127 1 
404 155 1 
410 113 1 
411 145 1 
413 131 1 
