29 266 1 
29 277 1 
30 257 1 
37 295 1 
39 247 1 
48 243 1 
48 281 1 
49 269 1 
53 299 1 
56 258 1 
58 284 1 
60 272 1 
65 246 1 
66 309 1 
67 258 1 
70 283 1 
73 297 1 
76 237 1 
78 262 1 
78 320 1 
79 250 1 
83 274 1 
84 292 1 
90 330 1 
91 269 1 
91 309 1 
92 238 1 
95 294 1 
98 253 1 
99 280 1 
100 317 1 
100 340 1 
104 296 1 
105 262 1 
108 307 1 
108 319 1 
111 290 1 
111 354 1 
112 273 1 
116 335 1 
117 317 1 
123 364 1 
125 408 1 
126 281 1 
127 298 1 
127 398 1 
128 420 1 
129 328 1 
130 312 1 
130 346 1 
130 385 1 
131 40 1 
132 25 1 
132 430 1 
135 56 1 
136 373 1 
138 461 1 
138 474 1 
140 76 1 
140 437 1 
140 448 1 
140 486 1 
141 288 1 
142 42 1 
142 333 1 
142 397 1 
144 523 1 
145 411 1 
145 535 1 
145 548 1 
146 316 1 
146 423 1 
147 91 1 
148 18 1 
148 555 1 
149 32 1 
149 352 1 
149 383 1 
149 476 1 
149 493 1 
150 509 1 
152 110 1 
152 457 1 
152 562 1 
153 66 1 
153 304 1 
154 47 1 
154 284 1 
154 433 1 
155 231 1 
155 366 1 
156 210 1 
156 248 1 
156 269 1 
156 337 1 
157 393 1 
158 126 1 
158 476 1 
159 455 1 
160 193 1 
160 301 1 
160 414 1 
161 83 1 
161 510 1 
161 538 1 
162 310 1 
162 550 1 
163 176 1 
163 565 1 
164 54 1 
165 32 1 
165 96 1 
165 377 1 
166 144 1 
166 224 1 
166 326 1 
167 204 1 
167 495 1 
168 160 1 
168 521 1 
169 246 1 
169 352 1 
171 187 1 
171 434 1 
171 548 1 
172 260 1 
173 18 1 
173 197 1 
173 281 1 
173 296 1 
174 61 1 
174 110 1 
176 95 1 
176 211 1 
176 226 1 
177 172 1 
177 371 1 
177 388 1 
178 244 1 
179 119 1 
179 134 1 
179 417 1 
179 439 1 
180 404 1 
180 458 1 
180 507 1 
180 532 1 
181 41 1 
181 268 1 
181 562 1 
182 540 1 
183 312 1 
184 146 1 
185 305 1 
186 81 1 
186 158 1 
186 332 1 
188 110 1 
188 183 1 
188 470 1 
189 549 1 
190 453 1 
192 25 1 
192 215 1 
193 283 1 
193 355 1 
195 63 1 
195 234 1 
196 99 1 
196 275 1 
196 426 1 
196 523 1 
197 41 1 
197 310 1 
197 489 1 
197 539 1 
198 406 1 
199 249 1 
200 201 1 
200 386 1 
201 364 1 
205 35 1 
205 79 1 
205 183 1 
205 429 1 
205 447 1 
206 124 1 
207 533 1 
209 53 1 
209 221 1 
209 238 1 
210 98 1 
211 257 1 
211 325 1 
212 140 1 
212 276 1 
213 70 1 
213 162 1 
213 342 1 
214 310 1 
215 110 1 
215 212 1 
217 47 1 
217 287 1 
217 509 1 
218 403 1 
219 421 1 
219 535 1 
221 85 1 
221 375 1 
221 466 1 
222 175 1 
223 192 1 
224 62 1 
224 302 1 
224 495 1 
225 351 1 
228 108 1 
229 447 1 
230 135 1 
230 162 1 
230 482 1 
231 274 1 
231 531 1 
232 81 1 
233 122 1 
233 207 1 
234 95 1 
234 407 1 
235 316 1 
237 509 1 
238 425 1 
239 336 1 
239 385 1 
240 109 1 
240 234 1 
240 284 1 
241 467 1 
242 249 1 
242 525 1 
246 184 1 
246 352 1 
247 458 1 
248 161 1 
248 396 1 
251 297 1 
252 139 1 
253 504 1 
254 120 1 
254 491 1 
255 524 1 
256 414 1 
257 354 1 
259 205 1 
259 328 1 
260 536 1 
261 220 1 
261 241 1 
261 282 1 
261 400 1 
262 154 1 
262 310 1 
263 177 1 
263 261 1 
263 511 1 
265 365 1 
266 465 1 
267 107 1 
268 446 1 
269 385 1 
269 428 1 
270 97 1 
271 333 1 
272 121 1 
273 547 1 
274 85 1 
275 394 1 
276 175 1 
276 269 1 
277 203 1 
277 408 1 
278 377 1 
279 291 1 
279 359 1 
280 218 1 
280 493 1 
281 73 1 
281 187 1 
281 416 1 
282 531 1 
283 345 1 
284 91 1 
284 102 1 
284 154 1 
284 509 1 
285 63 1 
286 165 1 
286 540 1 
287 454 1 
288 316 1 
289 133 1 
289 243 1 
290 556 1 
291 417 1 
292 53 1 
293 71 1 
293 371 1 
293 440 1 
294 85 1 
294 106 1 
294 298 1 
294 356 1 
295 259 1 
295 476 1 
296 514 1 
297 42 1 
299 152 1 
299 223 1 
299 342 1 
300 62 1 
300 197 1 
300 543 1 
301 501 1 
301 559 1 
302 123 1 
303 458 1 
304 280 1 
305 173 1 
305 269 1 
305 326 1 
305 536 1 
306 36 1 
306 312 1 
306 473 1 
307 52 1 
307 365 1 
307 438 1 
309 105 1 
309 289 1 
309 489 1 
310 348 1 
311 256 1 
312 244 1 
312 558 1 
314 77 1 
314 91 1 
314 322 1 
314 336 1 
315 165 1 
315 194 1 
315 208 1 
315 230 1 
316 520 1 
317 45 1 
318 24 1 
318 421 1 
319 545 1 
320 36 1 
321 285 1 
321 498 1 
322 119 1 
322 357 1 
322 555 1 
323 144 1 
323 446 1 
325 60 1 
325 324 1 
326 340 1 
326 487 1 
327 184 1 
327 470 1 
327 511 1 
328 202 1 
328 297 1 
329 172 1 
329 218 1 
330 20 1 
330 123 1 
330 350 1 
331 83 1 
332 35 1 
332 53 1 
332 163 1 
332 551 1 
333 454 1 
333 537 1 
335 99 1 
335 431 1 
336 188 1 
336 274 1 
336 305 1 
337 152 1 
338 205 1 
338 316 1 
338 504 1 
338 530 1 
340 68 1 
340 213 1 
340 344 1 
340 520 1 
341 20 1 
341 136 1 
341 288 1 
341 486 1 
342 467 1 
343 198 1 
343 326 1 
344 36 1 
344 124 1 
344 511 1 
347 186 1 
347 208 1 
347 265 1 
348 443 1 
349 77 1 
349 111 1 
349 335 1 
350 542 1 
352 57 1 
352 296 1 
353 101 1 
353 283 1 
354 310 1 
355 33 1 
355 89 1 
355 204 1 
355 462 1 
356 193 1 
357 525 1 
358 20 1 
359 81 1 
359 258 1 
360 327 1 
361 43 1 
362 489 1 
362 508 1 
363 72 1 
363 199 1 
364 181 1 
367 279 1 
369 62 1 
369 189 1 
370 197 1 
370 302 1 
372 20 1 
372 180 1 
372 248 1 
373 54 1 
375 271 1 
375 284 1 
376 313 1 
378 29 1 
379 45 1 
379 292 1 
380 186 1 
381 178 1 
383 193 1 
383 242 1 
384 36 1 
387 264 1 
388 177 1 
390 186 1 
390 193 1 
390 304 1 
391 287 1 
394 237 1 
395 252 1 
397 177 1 
397 184 1 
397 274 1 
399 191 1 
400 262 1 
406 185 1 
406 285 1 
406 302 1 
407 177 1 
408 192 1 
408 278 1 
409 245 1 
415 187 1 
417 177 1 
417 196 1 
420 264 1 
424 295 1 
425 182 1 
427 281 1 
429 201 1 
432 194 1 
434 185 1 
439 205 1 
443 192 1 
451 198 1 
457 212 1 
