39 288 1 
49 296 1 
52 278 1 
59 286 1 
65 299 1 
71 272 1 
77 390 1 
78 406 1 
79 282 1 
80 296 1 
83 377 1 
91 367 1 
92 267 1 
95 294 1 
95 383 1 
98 397 1 
103 277 1 
104 354 1 
104 371 1 
109 261 1 
117 176 1 
117 364 1 
117 383 1 
119 295 1 
124 342 1 
126 189 1 
126 277 1 
129 256 1 
132 354 1 
136 335 1 
139 167 1 
139 295 1 
139 370 1 
141 203 1 
144 188 1 
149 345 1 
152 276 1 
154 170 1 
155 219 1 
155 255 1 
155 322 1 
158 300 1 
162 338 1 
164 310 1 
164 359 1 
166 172 1 
166 194 1 
168 204 1 
171 228 1 
176 255 1 
181 271 1 
181 284 1 
182 179 1 
182 213 1 
183 305 1 
184 242 1 
188 323 1 
190 204 1 
191 350 1 
193 289 1 
195 187 1 
196 217 1 
200 242 1 
201 268 1 
206 224 1 
206 306 1 
207 197 1 
207 319 1 
213 338 1 
216 197 1 
217 189 1 
217 211 1 
217 262 1 
222 179 1 
225 282 1 
226 301 1 
227 232 1 
228 253 1 
231 314 1 
234 197 1 
237 168 1 
237 333 1 
238 220 1 
239 187 1 
245 204 1 
245 243 1 
246 179 1 
247 162 1 
247 280 1 
253 259 1 
257 213 1 
257 301 1 
258 290 1 
259 223 1 
260 158 1 
260 176 1 
263 192 1 
264 323 1 
271 161 1 
272 243 1 
274 268 1 
276 221 1 
277 285 1 
282 195 1 
288 156 1 
289 176 1 
292 233 1 
292 312 1 
296 210 1 
298 271 1 
302 254 1 
305 150 1 
305 176 1 
306 214 1 
306 294 1 
311 230 1 
314 267 1 
316 74 1 
317 246 1 
318 142 1 
318 161 1 
319 196 1 
322 178 1 
324 61 1 
329 72 1 
330 85 1 
331 279 1 
332 244 1 
335 137 1 
335 210 1 
336 165 1 
336 258 1 
339 76 1 
339 225 1 
340 89 1 
340 155 1 
341 61 1 
343 193 1 
348 78 1 
350 63 1 
350 92 1 
350 141 1 
351 272 1 
352 190 1 
354 171 1 
356 243 1 
359 68 1 
359 203 1 
360 93 1 
361 82 1 
363 157 1 
363 356 1 
364 370 1 
365 142 1 
365 254 1 
368 220 1 
369 272 1 
371 70 1 
371 378 1 
373 184 1 
373 357 1 
374 93 1 
375 333 1 
376 82 1 
377 341 1 
378 142 1 
379 366 1 
380 71 1 
381 326 1 
381 357 1 
382 237 1 
382 384 1 
383 349 1 
384 94 1 
387 163 1 
387 201 1 
388 86 1 
388 184 1 
388 277 1 
389 340 1 
390 147 1 
391 95 1 
392 373 1 
393 74 1 
393 386 1 
396 263 1 
396 331 1 
397 399 1 
398 224 1 
400 87 1 
401 151 1 
402 247 1 
404 321 1 
404 359 1 
405 103 1 
405 211 1 
405 375 1 
406 173 1 
407 286 1 
407 313 1 
407 412 1 
409 121 1 
411 73 1 
412 188 1 
413 150 1 
413 393 1 
414 139 1 
414 343 1 
415 92 1 
416 234 1 
416 315 1 
419 263 1 
419 308 1 
420 294 1 
421 205 1 
421 349 1 
422 366 1 
422 415 1 
423 112 1 
425 84 1 
426 160 1 
427 244 1 
428 68 1 
430 180 1 
430 274 1 
430 395 1 
431 130 1 
433 218 1 
433 301 1 
433 410 1 
434 88 1 
436 102 1 
437 328 1 
437 380 1 
438 194 1 
440 175 1 
441 351 1 
443 70 1 
443 358 1 
443 403 1 
444 289 1 
445 111 1 
445 150 1 
445 261 1 
446 304 1 
447 91 1 
448 335 1 
449 316 1 
452 234 1 
453 129 1 
453 409 1 
454 164 1 
455 69 1 
455 264 1 
455 390 1 
457 188 1 
458 113 1 
459 85 1 
459 375 1 
460 205 1 
462 330 1 
462 337 1 
463 223 1 
464 351 1 
464 389 1 
465 95 1 
465 314 1 
467 169 1 
467 277 1 
468 144 1 
468 420 1 
470 69 1 
471 107 1 
473 25 1 
473 35 1 
473 85 1 
473 128 1 
473 244 1 
473 381 1 
476 44 1 
476 365 1 
477 19 1 
477 55 1 
477 301 1 
477 398 1 
478 62 1 
479 283 1 
479 333 1 
481 315 1 
483 156 1 
483 217 1 
484 118 1 
484 192 1 
485 23 1 
486 32 1 
486 95 1 
487 41 1 
487 409 1 
487 429 1 
488 71 1 
488 359 1 
488 380 1 
489 298 1 
490 52 1 
490 80 1 
490 268 1 
491 339 1 
492 63 1 
492 324 1 
493 179 1 
494 243 1 
496 306 1 
498 404 1 
499 90 1 
499 384 1 
501 54 1 
501 108 1 
501 194 1 
501 283 1 
502 126 1 
502 141 1 
504 438 1 
505 239 1 
505 420 1 
506 69 1 
506 349 1 
507 80 1 
508 303 1 
510 47 1 
510 59 1 
510 270 1 
510 380 1 
511 332 1 
513 362 1 
515 410 1 
516 123 1 
516 160 1 
516 216 1 
517 86 1 
517 237 1 
519 109 1 
519 194 1 
519 319 1 
520 59 1 
520 288 1 
522 38 1 
522 66 1 
523 93 1 
523 148 1 
523 394 1 
523 432 1 
523 450 1 
524 79 1 
524 92 1 
524 417 1 
525 53 1 
526 369 1 
529 173 1 
530 308 1 
531 227 1 
532 46 1 
532 65 1 
533 122 1 
533 134 1 
534 33 1 
534 158 1 
534 248 1 
536 77 1 
536 269 1 
537 187 1 
537 399 1 
539 103 1 
539 284 1 
541 379 1 
542 65 1 
542 201 1 
542 423 1 
543 438 1 
544 297 1 
545 410 1 
547 74 1 
549 148 1 
549 180 1 
549 455 1 
550 132 1 
550 272 1 
551 251 1 
553 115 1 
553 389 1 
554 71 1 
559 428 1 
559 439 1 
560 234 1 
561 168 1 
561 215 1 
562 200 1 
563 127 1 
565 275 1 
565 419 1 
566 399 1 
567 292 1 
568 142 1 
568 183 1 
572 455 1 
575 243 1 
576 163 1 
577 261 1 
578 206 1 
579 430 1 
582 408 1 
583 276 1 
584 178 1 
584 231 1 
585 196 1 
588 297 1 
590 256 1 
591 444 1 
592 180 1 
592 218 1 
595 197 1 
598 407 1 
598 421 1 
599 276 1 
600 181 1 
600 245 1 
601 230 1 
604 192 1 
606 258 1 
606 431 1 
607 207 1 
607 292 1 
609 180 1 
611 199 1 
611 219 1 
612 189 1 
612 401 1 
613 417 1 
616 178 1 
616 230 1 
618 277 1 
619 188 1 
619 196 1 
619 263 1 
620 250 1 
623 177 1 
628 196 1 
630 175 1 
630 186 1 
637 175 1 
637 195 1 
638 185 1 
644 175 1 
644 192 1 
647 185 1 
654 180 1 
