37 461 1 
39 444 1 
41 423 1 
45 478 1 
47 409 1 
60 484 1 
62 403 1 
76 475 1 
77 290 1 
79 393 1 
82 271 1 
82 302 1 
91 467 1 
93 379 1 
96 248 1 
98 313 1 
101 455 1 
106 366 1 
113 439 1 
118 313 1 
120 359 1 
126 431 1 
128 244 1 
132 346 1 
133 311 1 
139 429 1 
140 456 1 
141 482 1 
145 341 1 
146 309 1 
146 440 1 
151 251 1 
155 501 1 
156 35 1 
159 313 1 
160 341 1 
162 255 1 
163 16 1 
166 328 1 
166 519 1 
171 237 1 
174 42 1 
175 219 1 
179 191 1 
180 531 1 
189 166 1 
191 14 1 
197 548 1 
201 70 1 
201 87 1 
203 144 1 
205 53 1 
208 112 1 
219 558 1 
220 20 1 
240 566 1 
247 26 1 
258 43 1 
258 571 1 
263 73 1 
264 85 1 
272 97 1 
279 562 1 
291 89 1 
298 230 1 
298 245 1 
298 554 1 
301 196 1 
301 257 1 
307 176 1 
310 270 1 
311 205 1 
311 224 1 
314 283 1 
316 82 1 
316 156 1 
316 297 1 
318 546 1 
321 231 1 
324 355 1 
326 330 1 
327 142 1 
327 213 1 
329 237 1 
338 243 1 
338 370 1 
338 523 1 
343 224 1 
343 253 1 
345 148 1 
346 75 1 
349 263 1 
349 390 1 
350 506 1 
351 235 1 
352 276 1 
356 159 1 
357 243 1 
359 413 1 
363 253 1 
363 285 1 
364 78 1 
365 484 1 
368 167 1 
368 265 1 
373 435 1 
376 101 1 
376 168 1 
377 277 1 
378 118 1 
380 298 1 
380 461 1 
384 167 1 
387 233 1 
388 225 1 
389 248 1 
389 275 1 
392 164 1 
393 118 1 
393 262 1 
396 222 1 
399 108 1 
399 160 1 
400 291 1 
406 222 1 
408 96 1 
408 264 1 
408 277 1 
414 147 1 
414 231 1 
415 247 1 
428 97 1 
429 129 1 
