-55.828	-19.001	1
-58.571	-20.568	1
-62.097	-23.311	1
-52.302	-17.826	1
-49.168	-15.083	1
-46.818	-13.516	1
-43.292	-11.557	1
-40.549	-9.599	1
-40.157	-5.681	1
-41.333	-1.371	1
-41.333	5.681	1
-40.549	9.207	1
-38.198	13.516	1
-36.24	18.218	1
-34.281	22.136	1
-31.93	25.662	1
-28.012	29.188	1
-25.27	31.538	1
-21.744	33.105	1
-19.785	35.064	1
-16.651	36.631	1
-14.692	37.415	1
-11.557	68.365	1
-14.3	62.489	1
-14.3	59.355	1
-14.3	56.22	1
-14.3	50.735	1
-14.692	46.818	1
-14.3	53.87	1
-14.3	43.683	1
-14.3	40.157	1
-13.908	68.365	1
-9.207	68.365	1
-7.248	68.365	1
-14.692	65.623	1
-3.722	68.365	1
0.588	67.974	1
4.114	67.974	1
7.248	67.974	1
9.99	67.974	1
12.37	67.206	1
13.125	64.839	1
13.516	61.313	1
13.516	57.787	1
12.733	54.261	1
12.733	51.911	1
12.341	47.993	1
13.125	43.683	1
13.908	39.374	1
16.651	37.415	1
19.001	36.631	1
20.96	35.064	1
22.527	33.889	1
24.094	31.538	1
27.229	29.579	1
29.188	27.62	1
31.146	25.27	1
33.889	21.744	1
32.714	24.094	1
35.456	20.177	1
36.631	17.434	1
37.415	14.3	1
38.982	8.031	1
38.59	11.557	1
38.982	5.681	1
37.415	-2.938	1
38.982	3.33	1
39.374	-6.073	1
41.724	-8.031	1
38.59	0.196	1
43.292	-9.207	1
45.25	-10.774	1
47.601	-11.557	1
49.952	-12.733	1
51.519	-14.692	1
53.87	-16.651	1
57.396	-17.826	1
59.746	-19.001	1
61.313	-19.785	1
47.993	-40.549	1
24.094	-28.012	1
-24.486	-28.012	1
-50.735	-40.941	1
51.127	-37.807	1
54.261	-34.281	1
56.612	-30.363	1
59.746	-26.053	1
61.705	-21.744	1
26.445	-28.404	1
29.579	-30.363	1
31.93	-31.538	1
34.281	-32.714	1
37.807	-35.064	1
40.157	-36.631	1
42.508	-38.59	1
45.642	-38.982	1
-22.136	-29.579	1
-18.218	-31.538	1
-12.733	-33.889	1
-8.031	-35.064	1
-2.155	-35.064	1
2.155	-35.064	1
5.681	-35.456	1
9.207	-34.672	1
12.733	-33.497	1
17.434	-31.93	1
20.96	-30.363	1
-27.62	-29.188	1
-49.952	-41.724	1
-46.818	-40.157	1
-43.683	-38.59	1
-40.157	-37.023	1
-37.023	-34.672	1
-33.105	-32.322	1
-60.922	-26.445	1
-56.612	-34.281	1
-58.571	-30.755	1
-59.746	-28.404	1
-55.045	-36.631	1
-53.086	-38.59	1
-0.196	78.943	1
4.505	78.943	1
6.073	82.078	1
7.248	85.604	1
8.815	89.13	1
11.166	91.872	1
13.125	93.831	1
15.867	93.831	1
17.434	90.697	1
17.434	86.387	1
17.434	83.645	1
18.218	79.727	1
23.703	75.026	1
26.445	78.552	1
30.363	81.686	1
33.497	85.212	1
37.415	87.171	1
39.766	85.604	1
39.374	82.861	1
39.766	79.335	1
39.374	75.809	1
39.374	72.283	1
39.374	69.541	1
41.724	66.015	1
38.982	67.582	1
46.034	69.149	1
50.344	72.283	1
53.086	73.067	1
55.437	75.026	1
58.571	75.026	1
60.53	73.067	1
60.922	70.324	1
59.746	66.798	1
57.004	62.097	1
56.22	58.179	1
56.22	55.828	1
57.787	53.87	1
66.798	56.22	1
72.675	58.571	1
61.313	55.045	1
76.985	58.179	1
77.768	53.87	1
76.593	50.344	1
75.026	47.993	1
67.974	40.157	1
69.541	35.848	1
76.985	20.96	1
77.768	17.042	1
88.738	33.497	1
94.223	9.207	1
79.335	0.979	1
80.119	-3.722	1
76.985	-19.393	1
86.387	-37.807	1
93.831	-14.3	1
75.026	-23.311	1
68.365	-40.157	1
66.407	-43.683	1
74.242	-57.787	1
56.612	-75.417	1
56.612	-55.045	1
52.694	-58.179	1
39.766	-66.798	1
35.848	-69.149	1
36.24	-86.779	1
11.166	-93.439	1
22.136	-75.026	1
17.434	-76.201	1
2.155	-78.552	1
-4.114	-78.552	1
-13.516	-93.047	1
-18.218	-76.985	1
-22.527	-75.026	1
-36.631	-86.387	1
-37.807	-68.365	1
-41.724	-67.974	1
-57.787	-73.85	1
-53.87	-57.396	1
-58.179	-53.478	1
-76.201	-58.179	1
-68.757	-38.982	1
-76.985	-23.311	1
-88.346	-35.064	1
-76.985	-18.218	1
-78.943	-1.763	1
-94.223	-11.557	1
-78.943	2.155	1
-76.201	18.609	1
-75.026	22.136	1
-67.974	38.59	1
-66.407	41.724	1
-94.615	12.733	1
-89.13	36.24	1
-75.026	58.963	1
-57.004	54.261	1
-53.478	57.396	1
-57.396	75.809	1
-41.333	67.582	1
-36.631	69.541	1
-35.064	87.954	1
-21.744	75.026	1
-9.99	94.615	1
-15.867	76.985	1
-6.856	92.656	1
-6.073	88.738	1
-4.505	84.82	1
-3.33	82.469	1
-13.516	94.223	1
-13.516	91.48	1
-14.692	87.954	1
-15.083	83.253	1
-15.867	80.119	1
-32.322	88.346	1
-28.404	85.212	1
-26.837	82.078	1
-24.094	79.727	1
-37.415	85.995	1
-37.807	82.078	1
-37.023	77.768	1
-37.023	74.634	1
-53.478	76.593	1
-50.344	74.242	1
-47.993	72.675	1
-45.25	69.933	1
-58.571	73.85	1
-57.396	69.541	1
-55.437	64.448	1
-55.437	60.922	1
-72.675	59.746	1
-67.974	59.355	1
-64.839	57.004	1
-60.138	54.653	1
-76.593	57.004	1
-75.417	53.478	1
-72.675	49.952	1
-69.541	46.034	1
-70.716	37.807	1
-74.634	38.982	1
-83.253	39.374	1
-78.943	39.374	1
-88.346	34.281	1
-82.861	28.796	1
-85.604	31.93	1
-77.376	23.311	1
-86.779	37.415	1
-79.727	25.662	1
-92.264	16.259	1
-89.13	16.259	1
-84.82	16.651	1
-81.294	18.218	1
-93.831	9.207	1
-88.738	6.464	1
-84.037	4.505	1
-83.645	-4.114	1
-89.13	-6.073	1
-91.089	-8.423	1
-93.831	-14.692	1
-91.089	-15.083	1
-86.387	-16.259	1
-82.469	-17.042	1
-79.727	-24.878	1
-82.469	-28.012	1
-87.171	-30.363	1
-85.995	-37.807	1
-81.686	-38.59	1
-76.985	-38.982	1
-73.067	-37.807	1
-67.974	-43.292	1
-70.324	-46.034	1
-73.067	-49.56	1
-76.593	-53.086	1
-72.283	-59.355	1
-67.974	-57.787	1
-63.272	-55.437	1
-54.653	-60.138	1
-57.004	-64.056	1
-58.179	-68.757	1
-53.086	-75.026	1
-46.818	-72.283	1
-37.807	-71.5	1
-37.807	-76.985	1
-38.198	-81.294	1
-31.538	-84.82	1
-26.837	-80.119	1
-25.27	-77.376	1
-17.042	-79.727	1
-17.042	-84.428	1
-16.651	-87.954	1
-9.207	-89.521	1
-6.073	-84.82	1
2.938	-82.469	1
6.464	-89.521	1
4.114	-85.995	1
8.423	-91.089	1
13.516	-91.089	1
15.475	-86.779	1
17.042	-82.861	1
16.651	-78.943	1
24.878	-78.16	1
26.053	-81.686	1
28.404	-84.82	1
31.93	-87.171	1
37.415	-82.861	1
36.631	-78.552	1
35.848	-74.242	1
43.292	-67.974	1
44.859	-71.5	1
48.776	-73.067	1
52.694	-75.809	1
57.787	-72.675	1
55.828	-66.798	1
53.478	-62.881	1
59.355	-55.045	1
62.097	-56.612	1
67.19	-58.179	1
71.108	-59.355	1
72.675	-51.911	1
68.757	-46.034	1
70.324	-48.776	1
74.242	-54.653	1
71.5	-40.157	1
74.242	-40.157	1
78.552	-40.157	1
82.861	-40.157	1
86.779	-35.064	1
83.253	-30.755	1
78.552	-27.62	1
76.201	-25.27	1
79.727	-19.785	1
83.645	-18.218	1
87.171	-17.826	1
90.697	-17.826	1
82.469	-6.073	1
85.212	-6.856	1
89.521	-9.207	1
92.264	-11.949	1
82.078	2.547	1
85.995	3.722	1
88.738	6.073	1
91.872	6.856	1
80.119	16.259	1
84.037	16.259	1
87.563	14.3	1
92.264	13.125	1
79.727	22.919	1
82.861	26.053	1
84.82	29.188	1
88.346	30.755	1
74.242	36.24	1
78.552	36.24	1
83.253	36.24	1
86.779	36.24	1
71.108	42.508	1
73.459	46.426	1
73.85	-21.352	1
0.588	-74.634	1
-91.089	-7.64	1
-38.239	-74.637	1
-15.861	-33.323	1
-30.665	-30.913	1
-60.273	-22.307	1
64.839	38.982	1
-44.092	-70.161	1
-5.188	-35.733	1
