19 264 1 
19 275 1 
20 255 1 
27 293 1 
29 245 1 
38 241 1 
43 297 1 
55 244 1 
56 307 1 
66 235 1 
68 318 1 
80 328 1 
82 236 1 
88 251 1 
90 338 1 
95 260 1 
101 352 1 
102 271 1 
113 362 1 
115 406 1 
116 279 1 
117 396 1 
118 418 1 
121 38 1 
122 23 1 
122 428 1 
123 386 1 
125 54 1 
126 371 1 
128 459 1 
128 472 1 
130 74 1 
130 435 1 
130 446 1 
130 484 1 
131 286 1 
134 521 1 
135 533 1 
135 546 1 
137 89 1 
138 16 1 
138 553 1 
139 491 1 
140 507 1 
142 108 1 
142 560 1 
145 229 1 
146 208 1 
146 246 1 
146 267 1 
148 124 1 
150 191 1 
153 174 1 
153 563 1 
156 142 1 
158 158 1 
163 16 1 
171 560 1 
179 547 1 
182 23 1 
187 537 1 
195 33 1 
197 531 1 
209 533 1 
214 60 1 
221 529 1 
222 79 1 
230 107 1 
232 523 1 
244 118 1 
245 522 1 
250 534 1 
257 105 1 
259 383 1 
263 545 1 
264 83 1 
265 392 1 
267 406 1 
268 375 1 
271 414 1 
275 61 1 
280 554 1 
281 415 1 
283 369 1 
287 40 1 
294 278 1 
295 267 1 
297 363 1 
299 287 1 
301 254 1 
302 242 1 
302 556 1 
305 228 1 
308 22 1 
308 419 1 
311 283 1 
312 355 1 
317 182 1 
319 170 1 
319 216 1 
320 18 1 
322 549 1 
325 429 1 
326 186 1 
326 272 1 
330 211 1 
330 342 1 
331 18 1 
331 134 1 
337 184 1 
337 263 1 
338 441 1 
339 109 1 
340 540 1 
345 87 1 
345 202 1 
345 460 1 
347 523 1 
349 256 1 
350 325 1 
352 487 1 
352 506 1 
353 70 1 
354 179 1 
360 195 1 
362 18 1 
362 246 1 
363 52 1 
366 311 1 
371 176 1 
373 191 1 
374 34 1 
380 302 1 
384 235 1 
387 175 1 
389 189 1 
396 300 1 
399 243 1 
407 175 1 
410 194 1 
410 262 1 
414 293 1 
417 279 1 
424 183 1 
429 203 1 
441 196 1 
447 210 1 
