158	-163	1
163	-36	1
-12	-187	1
-120.793	73.5596	1
-319.277	-195.593	1
-296.266	-87.2498	1
-47	-86	1
-30.7069	-53.5177	1
-91.0849	-39.3103	1
-73.5596	10.066	1
-48.0833	67.8823	1
126	187	1
40	162	1
123	144	1
70	-58	1
135	-144	1
-0.877339	-168.449	1
22	-183	1
72	-233	1
-232.027	-224.357	1
-170.348	-40.2642	1
-137.107	-165.87	1
-80.6102	-43.8406	1
-70	-220	1
-53	-201	1
-52	-192	1
-106.081	16.2605	1
-116.147	-29.4238	1
-133.956	-13.9376	1
-147.941	-4.82536	1
-155.637	-17.8092	1
-160.282	-4.64587	1
-167.251	-33.2954	1
-147.893	32.5211	1
-109.952	48.7816	1
-108.404	78.9797	1
-123.115	89.0458	1
-111.501	94.466	1
-124.664	95.2403	1
-116.147	99.1118	1
-36.7696	254.558	1
-60.8112	229.103	1
-65.0538	193.747	1
-42.4264	158.392	1
-38.1838	118.794	1
-107.629	71.2366	1
-48.0833	55.1543	1
-45.2548	22.6274	1
71.9418	-40.3576	1
87	50	1
22.3334	160.366	1
30	161	1
-6	194	1
-10	201	1
11	244	1
139	158	1
203	156	1
106	134	1
96	133	1
185	133	1
91	121	1
89	66	1
107	9	1
169	-125	1
136	-101	1
112	-59	1
80	-109	1
79	-82	1
72	-67	1
-35	-56	1
-31	-216	1
-6.51391	-169.362	1
22.0232	-170.602	1
36	-234	1
60	-160	1
75	-185	1
77	-204	1
139	-142	1
-285.719	-205.181	1
-269.42	-205.181	1
-256.955	-203.263	1
-246.409	-202.304	1
-304.895	-201.346	1
-334.617	-184.087	1
-343.246	-169.706	1
-239.697	-213.81	1
-157.241	-228.192	1
-220.521	-232.986	1
-167.788	-232.986	1
-209.975	-235.862	1
-196.552	-237.78	1
-181.211	-237.78	1
-145.736	-219.563	1
-139.024	-207.098	1
-62	-226	1
-62	-216	1
-57	-209	1
-50	-227	1
-39	-223	1
-39	-149	1
-49	-155	1
-52	-184	1
-53	-175	1
-53	-165	1
-137.107	-190.799	1
-137.107	-179.294	1
-139.983	-152.447	1
-150.53	-116.972	1
-147.653	-127.519	1
-143.818	-137.107	1
-37	-114	1
-34	-122	1
-31	-142	1
-31	-131	1
-29.1575	-51.1807	1
-29.4677	-46.8381	1
-41	-64	1
-43	-106	1
-45	-75	1
-47	-98	1
-155.324	-107.384	1
-192.717	-46.9807	1
-172.582	-50.8158	1
-208.057	-51.7746	1
-171.623	-62.3213	1
-167.788	-72.868	1
-164.912	-83.4146	1
-159.159	-96.8377	1
-346.123	-148.612	1
-345.164	-132.313	1
-334.617	-114.096	1
-320.235	-99.714	1
-279.966	-77.6619	1
-255.038	-68.074	1
-234.903	-62.3213	1
-218.604	-57.5273	1
-181.963	-38.7156	1
-175.769	-30.1981	1
-170.348	-20.9064	1
-161.831	-26.3266	1
-128.536	-18.5835	1
-123.115	-24.0036	1
-110.261	-31.64	1
-138.602	-8.51742	1
-140.703	-5.59304	1
-144.022	-3.09724	1
-149.442	-8.51742	1
-153.314	10.066	1
-154.862	2.32293	1
-164.928	-12.389	1
-154.862	18.5835	1
-153.314	27.1009	1
-121.567	30.9724	1
-139.376	37.1669	1
-130.859	41.8128	1
-124.664	48.7816	1
-121.567	58.0733	1
-120.793	99.1118	1
-109.952	87.4972	1
-121.567	82.8513	1
-120.793	65.8164	1
-108.404	60.3963	1
-113.824	39.4899	1
-117.695	23.2293	1
-113.049	19.3578	1
-48.0833	32.5269	1
-48.0833	43.8406	1
-48.0833	77.7817	1
-49.4975	166.877	1
-59.397	178.191	1
-65.0538	213.546	1
-55.1543	244.659	1
-38.1838	152.735	1
-33.9411	145.664	1
-33.9411	137.179	1
-35.3553	125.865	1
-39.598	110.309	1
-43.8406	101.823	1
-45.2548	93.3381	1
-45.2548	86.267	1
-43.8406	15.5563	1
-44.3566	18.6112	1
-46.2177	14.2686	1
-49.5559	13.1633	1
-57.299	11.6147	1
-91.3687	10.8404	1
-100.66	13.1633	1
-100.673	-36.434	1
-82.077	10.8404	1
-72.1249	-45.2548	1
-65.0421	10.066	1
-60.8112	-45.2548	1
-53.7401	-45.2548	1
-39.598	-45.2548	1
-32.4615	-45.6216	1
73.2039	-37.8427	1
76	-36	1
79.8378	-36.8482	1
82.4699	-38.6029	1
90	39	1
92	78	1
93	29	1
94	99	1
90.3659	133.356	1
86.8566	125.459	1
85	132	1
71	159	1
60	159	1
50	160	1
2	187	1
-11	210	1
-2	215	1
5	224	1
5.65685	255.973	1
-19.799	261.63	1
-7.07107	261.63	1
10	234	1
11	181	1
15	171	1
15.8195	166.88	1
17.6806	163.468	1
83	163	1
19	161	1
26.0556	160.676	1
151	152	1
148	166	1
96	169	1
112	177	1
132	196	1
144	205	1
155	211	1
168	212	1
179	210	1
186	206	1
193	196	1
200	188	1
202	177	1
204	169	1
202	147	1
194	138	1
175	133	1
163	135	1
154	142	1
132	151	1
115	139	1
94	109	1
94	89	1
99	19	1
117	4	1
127	-2	1
137	-10	1
147	-18	1
155	-28	1
172	-55	1
175	-67	1
175	-81	1
175	-92	1
173	-105	1
170	-116	1
170	-145	1
145	-148	1
129	-143	1
169	-134	1
131	-115	1
133	-88	1
128	-74	1
168	-45	1
121	-66	1
104	-54	1
96	-49	1
87	-43	1
76	-75	1
70	-47	1
-28	-49	1
73	-144	1
75	-136	1
79	-119	1
79	-128	1
80	-91	1
80	-100	1
124	-137	1
125	-128	1
25	-171	1
19.3015	-171.958	1
14	-174	1
3	-172	1
-3.25695	-166.415	1
-6	-166	1
-7.01871	-171.958	1
-22	-208	1
-18	-198	1
-8	-177	1
22	-194	1
23.6882	-176.345	1
24	-206	1
24.8149	-174.014	1
26	-217	1
60	-256	1
66	-249	1
54	-247	1
46	-241	1
30	-227	1
65	-169	1
68	-154	1
170	-155	1
150	-156	1
166	-163	1
71	-178	1
76	-195	1
74	-215	1
73	-225	1
72	-241	1
149	158	1
142.5	162	1
150	162.5	1
85	128.5	1
-153.5	-13	1
-159	-22	1
144.5	165	1