29 276 1 
39 284 1 
42 266 1 
55 287 1 
61 260 1 
67 378 1 
68 394 1 
73 365 1 
81 355 1 
82 255 1 
85 282 1 
88 385 1 
94 342 1 
99 249 1 
107 164 1 
107 371 1 
109 283 1 
114 330 1 
116 177 1 
119 244 1 
126 323 1 
129 155 1 
129 283 1 
129 358 1 
131 191 1 
144 158 1 
145 207 1 
145 243 1 
145 310 1 
148 288 1 
154 298 1 
154 347 1 
156 160 1 
161 216 1 
166 243 1 
174 230 1 
181 338 1 
185 175 1 
197 185 1 
203 326 1 
206 185 1 
207 177 1 
212 167 1 
227 156 1 
227 321 1 
237 150 1 
250 146 1 
254 311 1 
261 149 1 
278 144 1 
282 300 1 
295 138 1 
296 282 1 
306 62 1 
308 130 1 
314 49 1 
320 73 1 
321 267 1 
325 125 1 
331 49 1 
340 80 1 
340 129 1 
341 260 1 
349 56 1 
353 344 1 
354 358 1 
355 130 1 
359 260 1 
361 366 1 
363 345 1 
364 81 1 
365 321 1 
367 329 1 
368 130 1 
370 59 1 
371 314 1 
371 345 1 
372 372 1 
373 337 1 
378 265 1 
380 135 1 
381 83 1 
383 62 1 
383 374 1 
386 319 1 
387 387 1 
391 139 1 
394 309 1 
395 91 1 
397 274 1 
397 301 1 
397 400 1 
399 109 1 
401 61 1 
403 138 1 
404 127 1 
406 303 1 
409 296 1 
410 282 1 
412 403 1 
418 56 1 
423 398 1 
433 391 1 
443 397 1 
445 57 1 
458 408 1 
460 57 1 
463 13 1 
463 23 1 
466 32 1 
467 7 1 
467 43 1 
468 50 1 
475 11 1 
476 20 1 
477 29 1 
477 417 1 
480 40 1 
491 42 1 
494 426 1 
496 337 1 
500 35 1 
501 320 1 
503 350 1 
507 74 1 
509 307 1 
510 47 1 
512 26 1 
512 54 1 
513 81 1 
513 438 1 
514 67 1 
514 80 1 
515 41 1 
516 357 1 
520 296 1 
522 34 1 
522 53 1 
524 21 1 
526 65 1 
529 91 1 
531 367 1 
532 53 1 
534 285 1 
537 62 1 
539 443 1 
543 103 1 
543 377 1 
544 59 1 
553 115 1 
556 387 1 
557 280 1 
558 130 1 
562 443 1 
566 151 1 
572 396 1 
574 166 1 
578 285 1 
581 432 1 
588 395 1 
590 169 1 
596 419 1 
597 195 1 
597 280 1 
601 207 1 
602 389 1 
603 405 1 
606 166 1 
606 218 1 
608 265 1 
609 184 1 
609 251 1 
610 238 1 
620 163 1 
629 181 1 
634 163 1 
644 168 1 
